POLYGON
VERTICES 3
701 262
617 346
527 193
COLOUR 0.0333908 0.847291 0.47442
END
POLYGON
VERTICES 3
628.207 334.793
602.263 320.947
604.899 325.429
COLOUR 0.0333908 0.847291 0.47442
END
POLYGON
VERTICES 3
628.207 334.793
602.263 320.947
604.899 325.429
COLOUR 0.0333908 0.847291 0.47442
END
POLYGON
VERTICES 3
628.207 334.793
602.263 320.947
604.899 325.429
COLOUR 0.0333908 0.847291 0.47442
END
POLYGON
VERTICES 3
628.207 334.793
602.263 320.947
604.899 325.429
COLOUR 0.0333908 0.847291 0.47442
END
POLYGON
VERTICES 3
628.207 334.793
602.263 320.947
604.899 325.429
COLOUR 0.0333908 0.847291 0.47442
END
POLYGON
VERTICES 3
628.207 334.793
602.263 320.947
604.899 325.429
COLOUR 0.0333908 0.847291 0.47442
END
POLYGON
VERTICES 3
628.207 334.793
602.263 320.947
604.899 325.429
COLOUR 0.0333908 0.847291 0.47442
END
POLYGON
VERTICES 3
628.207 334.793
602.263 320.947
604.899 325.429
COLOUR 0.0333908 0.847291 0.47442
END
POLYGON
VERTICES 3
628.207 334.793
602.263 320.947
604.899 325.429
COLOUR 0.0333908 0.847291 0.47442
END
POLYGON
VERTICES 3
628.207 334.793
602.263 320.947
604.899 325.429
COLOUR 0.0333908 0.847291 0.47442
END
POLYGON
VERTICES 3
628.207 334.793
602.263 320.947
604.899 325.429
COLOUR 0.0333908 0.847291 0.47442
END
POLYGON
VERTICES 3
628.207 334.793
602.263 320.947
604.899 325.429
COLOUR 0.0333908 0.847291 0.47442
END
POLYGON
VERTICES 3
628.207 334.793
602.263 320.947
604.899 325.429
COLOUR 0.0333908 0.847291 0.47442
END
POLYGON
VERTICES 3
628.207 334.793
602.263 320.947
604.899 325.429
COLOUR 0.0333908 0.847291 0.47442
END
POLYGON
VERTICES 3
628.207 334.793
602.263 320.947
604.899 325.429
COLOUR 0.0333908 0.847291 0.47442
END
POLYGON
VERTICES 3
628.207 334.793
602.263 320.947
604.899 325.429
COLOUR 0.0333908 0.847291 0.47442
END
POLYGON
VERTICES 3
628.207 334.793
602.263 320.947
604.899 325.429
COLOUR 0.0333908 0.847291 0.47442
END
POLYGON
VERTICES 3
751.056 313.665
661.695 419.361
556 330
COLOUR 0 0.0619283 0.285714
END
